P =

    1.8837


I =

    0.4254


D =

    0.5199